   FT   ID   AT   WT   ST
    3    3    1    0    2
    4    5    2    0    2
    4    2    1    0    3
    5    1    1    0    4
    6   11    3    1    2
    6   12    3    0    3
    7    9    2    0    5
    9   28    6    0    3
    9   24    6    0    3
    9    8    2    0    7
   11   16    4    0    7
   12   19    5    4    3
   12    6    2    0   10
   14   30    6    1    7
   16   21    5    4    7
   16   14    4    5    7
   19   17    4    8    7
   19   15    4    1   14
   20   18    5    9    6
   21   25    6   13    2
   22    4    2   14    6
   23   31    6   15    2
   23    7    2   17    4
   23   22    5   11    7
   25   13    4   17    4
   25   27    6   14    5
   27   23    6   16    5
   28   26    6   17    5
   36   29    6   21    9
   40   20    5   17   18
Orders : 30 [ Norm : 8, Veg : 11, VIP : 11 ]
Cooks : 7 [ Norm : 3, Veg : 3, VIP : 1, Injured : 4 ]
AVG Wait = 6.83333, AVG Serv :5.63333
Urgent orders :0, Auto - promoted : 0%